"id","fqdn/ip","port","severity","finding","cve","cwe"
"service","openfisca.mes-aides.1jeune1solution.beta.gouv.fr/5.135.137.147","443","INFO","HTTP","",""
"pre_128cipher","openfisca.mes-aides.1jeune1solution.beta.gouv.fr/5.135.137.147","443","INFO","No 128 cipher limit bug","",""
"SSLv2","openfisca.mes-aides.1jeune1solution.beta.gouv.fr/5.135.137.147","443","OK","not offered","",""
"SSLv3","openfisca.mes-aides.1jeune1solution.beta.gouv.fr/5.135.137.147","443","OK","not offered","",""
"TLS1","openfisca.mes-aides.1jeune1solution.beta.gouv.fr/5.135.137.147","443","LOW","offered (deprecated)","",""
"TLS1_1","openfisca.mes-aides.1jeune1solution.beta.gouv.fr/5.135.137.147","443","LOW","offered (deprecated)","",""
"TLS1_2","openfisca.mes-aides.1jeune1solution.beta.gouv.fr/5.135.137.147","443","OK","offered","",""
"TLS1_3","openfisca.mes-aides.1jeune1solution.beta.gouv.fr/5.135.137.147","443","INFO","not offered + downgraded to weaker protocol","",""
"ALPN","openfisca.mes-aides.1jeune1solution.beta.gouv.fr/5.135.137.147","443","INFO","http/1.1","",""
"cipherlist_NULL","openfisca.mes-aides.1jeune1solution.beta.gouv.fr/5.135.137.147","443","OK","not offered","","CWE-327"
"cipherlist_aNULL","openfisca.mes-aides.1jeune1solution.beta.gouv.fr/5.135.137.147","443","OK","not offered","","CWE-327"
"cipherlist_EXPORT","openfisca.mes-aides.1jeune1solution.beta.gouv.fr/5.135.137.147","443","OK","not offered","","CWE-327"
"cipherlist_LOW","openfisca.mes-aides.1jeune1solution.beta.gouv.fr/5.135.137.147","443","OK","not offered","","CWE-327"
"cipherlist_3DES_IDEA","openfisca.mes-aides.1jeune1solution.beta.gouv.fr/5.135.137.147","443","INFO","not offered","","CWE-310"
"cipherlist_AVERAGE","openfisca.mes-aides.1jeune1solution.beta.gouv.fr/5.135.137.147","443","LOW","offered","","CWE-310"
"cipherlist_GOOD","openfisca.mes-aides.1jeune1solution.beta.gouv.fr/5.135.137.147","443","INFO","not offered","",""
"cipherlist_STRONG","openfisca.mes-aides.1jeune1solution.beta.gouv.fr/5.135.137.147","443","OK","offered","",""
"cipher_order","openfisca.mes-aides.1jeune1solution.beta.gouv.fr/5.135.137.147","443","OK","server","",""
"protocol_negotiated","openfisca.mes-aides.1jeune1solution.beta.gouv.fr/5.135.137.147","443","OK","Default protocol TLS1.2","",""
"cipher_negotiated","openfisca.mes-aides.1jeune1solution.beta.gouv.fr/5.135.137.147","443","OK","ECDHE-RSA-AES256-GCM-SHA384, 256 bit ECDH (P-256)","",""
"cipherorder_TLSv1","openfisca.mes-aides.1jeune1solution.beta.gouv.fr/5.135.137.147","443","INFO","DHE-RSA-AES256-SHA","",""
"cipherorder_TLSv1_1","openfisca.mes-aides.1jeune1solution.beta.gouv.fr/5.135.137.147","443","INFO","DHE-RSA-AES256-SHA","",""
"cipherorder_TLSv1_2","openfisca.mes-aides.1jeune1solution.beta.gouv.fr/5.135.137.147","443","INFO","ECDHE-RSA-AES256-GCM-SHA384","",""
"FS","openfisca.mes-aides.1jeune1solution.beta.gouv.fr/5.135.137.147","443","OK","offered","",""
"FS_ciphers","openfisca.mes-aides.1jeune1solution.beta.gouv.fr/5.135.137.147","443","INFO","DHE-RSA-AES128-GCM-SHA256 DHE-RSA-AES128-SHA256 DHE-RSA-AES128-SHA DHE-RSA-AES256-GCM-SHA384 DHE-RSA-AES256-SHA256 DHE-RSA-AES256-SHA DHE-RSA-CAMELLIA128-SHA256 DHE-RSA-CAMELLIA128-SHA DHE-RSA-CAMELLIA256-SHA256 DHE-RSA-CAMELLIA256-SHA DHE-RSA-SEED-SHA ECDHE-RSA-AES128-GCM-SHA256 ECDHE-RSA-AES128-SHA256 ECDHE-RSA-AES128-SHA ECDHE-RSA-AES256-GCM-SHA384 ECDHE-RSA-AES256-SHA384 ECDHE-RSA-AES256-SHA ECDHE-RSA-CAMELLIA128-SHA256 ECDHE-RSA-CAMELLIA256-SHA384","",""
"FS_ECDHE_curves","openfisca.mes-aides.1jeune1solution.beta.gouv.fr/5.135.137.147","443","OK","prime256v1 secp384r1 secp521r1","",""
"TLS_extensions","openfisca.mes-aides.1jeune1solution.beta.gouv.fr/5.135.137.147","443","INFO","'renegotiation info/#65281' 'server name/#0' 'EC point formats/#11' 'session ticket/#35' 'next protocol/#13172' 'max fragment length/#1' 'application layer protocol negotiation/#16' 'encrypt-then-mac/#22' 'extended master secret/#23'","",""
"TLS_session_ticket","openfisca.mes-aides.1jeune1solution.beta.gouv.fr/5.135.137.147","443","INFO","valid for 300 seconds only (<daily)","",""
"SSL_sessionID_support","openfisca.mes-aides.1jeune1solution.beta.gouv.fr/5.135.137.147","443","INFO","yes","",""
"sessionresumption_ticket","openfisca.mes-aides.1jeune1solution.beta.gouv.fr/5.135.137.147","443","INFO","supported","",""
"sessionresumption_ID","openfisca.mes-aides.1jeune1solution.beta.gouv.fr/5.135.137.147","443","INFO","supported","",""
"TLS_timestamp","openfisca.mes-aides.1jeune1solution.beta.gouv.fr/5.135.137.147","443","INFO","random","",""
"clientAuth","openfisca.mes-aides.1jeune1solution.beta.gouv.fr/5.135.137.147","443","INFO","none","",""
"cert_numbers","openfisca.mes-aides.1jeune1solution.beta.gouv.fr/5.135.137.147","443","INFO","1","",""
"cert_signatureAlgorithm","openfisca.mes-aides.1jeune1solution.beta.gouv.fr/5.135.137.147","443","OK","SHA256 with RSA","",""
"cert_keySize","openfisca.mes-aides.1jeune1solution.beta.gouv.fr/5.135.137.147","443","INFO","RSA 2048 bits (exponent is 65537)","",""
"cert_keyUsage","openfisca.mes-aides.1jeune1solution.beta.gouv.fr/5.135.137.147","443","INFO","Digital Signature, Key Encipherment","",""
"cert_extKeyUsage","openfisca.mes-aides.1jeune1solution.beta.gouv.fr/5.135.137.147","443","INFO","TLS Web Server Authentication, TLS Web Client Authentication","",""
"cert_serialNumber","openfisca.mes-aides.1jeune1solution.beta.gouv.fr/5.135.137.147","443","INFO","039ACA927C13A978B1616A050D8ADA6378B0","",""
"cert_fingerprintSHA1","openfisca.mes-aides.1jeune1solution.beta.gouv.fr/5.135.137.147","443","INFO","738B586F0F4F5A219385FBC0754E4A21FC2BFFBC","",""
"cert_fingerprintSHA256","openfisca.mes-aides.1jeune1solution.beta.gouv.fr/5.135.137.147","443","INFO","91F2EF18C7BB6053B7769ADEDD187432057792DA1108FC0AA87D91A7C2CA84D4","",""
"cert","openfisca.mes-aides.1jeune1solution.beta.gouv.fr/5.135.137.147","443","INFO","-----BEGIN CERTIFICATE----- MIIFZzCCBE+gAwIBAgISA5rKknwTqXixYWoFDYraY3iwMA0GCSqGSIb3DQEBCwUA MDIxCzAJBgNVBAYTAlVTMRYwFAYDVQQKEw1MZXQncyBFbmNyeXB0MQswCQYDVQQD EwJSMzAeFw0yMTA3MTUyMDUwMDdaFw0yMTEwMTMyMDUwMDVaMDsxOTA3BgNVBAMT MG9wZW5maXNjYS5tZXMtYWlkZXMuMWpldW5lMXNvbHV0aW9uLmJldGEuZ291di5m cjCCASIwDQYJKoZIhvcNAQEBBQADggEPADCCAQoCggEBAMq0ZNJWcFEER9uJ5XxU 3pqsnxKpx8Y7dw22+qvLbVRNVwfhN2PNl14ehES9Y3Q45kotg/taSgwaxiXbbZZQ ckHiAksf/tOqSsHpFXXGKTllhsi2waP3CdmFMGfxAqFJQBgPNxZjAsc+Hk3nP5U5 KJYdzkpsuhtsfqZfq9y3BHdiyUpCvMgFwbKxXp+Y9eIOApPBD+1l1mpZeXMRkMTy rUxkna2wj3wN2KYY5Z8C0jNVit0NSo/3BETdBAMmjJ3BVG+vVtlAAzv5Vsjmxm+f Az8Q1eCs5+/eRBkjumP+kSIlUOFZMNH+H921zbNVhALYeEMJIamWThsVaIl7iQ9g 2CsCAwEAAaOCAmwwggJoMA4GA1UdDwEB/wQEAwIFoDAdBgNVHSUEFjAUBggrBgEF BQcDAQYIKwYBBQUHAwIwDAYDVR0TAQH/BAIwADAdBgNVHQ4EFgQUljtx4XMbYNGR Nwh+qBwmbFatyKgwHwYDVR0jBBgwFoAUFC6zF7dYVsuuUAlA5h+vnYsUwsYwVQYI KwYBBQUHAQEESTBHMCEGCCsGAQUFBzABhhVodHRwOi8vcjMuby5sZW5jci5vcmcw IgYIKwYBBQUHMAKGFmh0dHA6Ly9yMy5pLmxlbmNyLm9yZy8wOwYDVR0RBDQwMoIw b3BlbmZpc2NhLm1lcy1haWRlcy4xamV1bmUxc29sdXRpb24uYmV0YS5nb3V2LmZy MEwGA1UdIARFMEMwCAYGZ4EMAQIBMDcGCysGAQQBgt8TAQEBMCgwJgYIKwYBBQUH AgEWGmh0dHA6Ly9jcHMubGV0c2VuY3J5cHQub3JnMIIBBQYKKwYBBAHWeQIEAgSB 9gSB8wDxAHYAfT7y+I//iFVoJMLAyp5SiXkrxQ54CX8uapdomX4i8NcAAAF6rCX6 vgAABAMARzBFAiAqXF1PfmpmfwpgxUv+WxRJUilsXYjuLlKInkDAOaUO2QIhAP20 9u1JOXrJ4fqi3/N2CB2zX1J0HOnGxgHNlwaNDysxAHcARJRlLrDuzq/EQAfYqP4o wNrmgr7YyzG1P9MzlrW2gagAAAF6rCX8jQAABAMASDBGAiEA/usxxLDZ1vFF5z/o w2twbTOAcyuABJPXdZ3KisguBF8CIQDNeNAZlm1CZd30u0FuH2NgFPs5f1gzM9k6 PlZ0tC+GgTANBgkqhkiG9w0BAQsFAAOCAQEAG4BcG/fdcN/6S/waYgpqCSi+onpD yyPcuM8rR9s67e/KUq9ed2qyGtR2xj/+XCJsyd9RPtb8zBfpsNRMZIod8t4Luuo9 mRPEN5wt0UJq7m0rd7xj09V82G1FebpQdXJOOdaPYEdd6CL+5YZrBiSZk6UzWNHh 4yxp8jhFjQgOJa/k1fWL8a63BBtXPRoiSB5kkQgMiJL2aSRAuWgnJwZFjsqGT2ty 714a3CKyGdBLmnmUSjUBPJko8/sm4mV9v4n1wKgIMyGnJG1aC1QetAPW4qwyvXY+ 4C1Fyt6otJq5TnBwfemzfkHNfEVVyC/U2JA6CCaJ2MJ1WoCvKzN8MFRWcQ== -----END CERTIFICATE-----","",""
"cert_commonName","openfisca.mes-aides.1jeune1solution.beta.gouv.fr/5.135.137.147","443","OK","openfisca.mes-aides.1jeune1solution.beta.gouv.fr","",""
"cert_commonName_wo_SNI","openfisca.mes-aides.1jeune1solution.beta.gouv.fr/5.135.137.147","443","INFO","mes-aides.1jeune1solution.beta.gouv.fr","",""
"cert_subjectAltName","openfisca.mes-aides.1jeune1solution.beta.gouv.fr/5.135.137.147","443","INFO","openfisca.mes-aides.1jeune1solution.beta.gouv.fr","",""
"cert_trust","openfisca.mes-aides.1jeune1solution.beta.gouv.fr/5.135.137.147","443","OK","Ok via SAN and CN (SNI mandatory)","",""
"cert_chain_of_trust","openfisca.mes-aides.1jeune1solution.beta.gouv.fr/5.135.137.147","443","OK","passed.","",""
"cert_certificatePolicies_EV","openfisca.mes-aides.1jeune1solution.beta.gouv.fr/5.135.137.147","443","INFO","no","",""
"cert_expirationStatus","openfisca.mes-aides.1jeune1solution.beta.gouv.fr/5.135.137.147","443","OK","71 >= 30 days","",""
"cert_notBefore","openfisca.mes-aides.1jeune1solution.beta.gouv.fr/5.135.137.147","443","INFO","2021-07-15 20:50","",""
"cert_notAfter","openfisca.mes-aides.1jeune1solution.beta.gouv.fr/5.135.137.147","443","OK","2021-10-13 20:50","",""
"cert_extlifeSpan","openfisca.mes-aides.1jeune1solution.beta.gouv.fr/5.135.137.147","443","OK","certificate has no extended life time according to browser forum","",""
"cert_eTLS","openfisca.mes-aides.1jeune1solution.beta.gouv.fr/5.135.137.147","443","INFO","not present","",""
"cert_crlDistributionPoints","openfisca.mes-aides.1jeune1solution.beta.gouv.fr/5.135.137.147","443","INFO","--","",""
"cert_ocspURL","openfisca.mes-aides.1jeune1solution.beta.gouv.fr/5.135.137.147","443","INFO","http://r3.o.lencr.org","",""
"OCSP_stapling","openfisca.mes-aides.1jeune1solution.beta.gouv.fr/5.135.137.147","443","LOW","not offered","",""
"cert_mustStapleExtension","openfisca.mes-aides.1jeune1solution.beta.gouv.fr/5.135.137.147","443","INFO","--","",""
"DNS_CAArecord","openfisca.mes-aides.1jeune1solution.beta.gouv.fr/5.135.137.147","443","LOW","--","",""
"certificate_transparency","openfisca.mes-aides.1jeune1solution.beta.gouv.fr/5.135.137.147","443","OK","yes (certificate extension)","",""
"certs_countServer","openfisca.mes-aides.1jeune1solution.beta.gouv.fr/5.135.137.147","443","INFO","3","",""
"certs_list_ordering_problem","openfisca.mes-aides.1jeune1solution.beta.gouv.fr/5.135.137.147","443","INFO","no","",""
"cert_caIssuers","openfisca.mes-aides.1jeune1solution.beta.gouv.fr/5.135.137.147","443","INFO","R3 (Let's Encrypt from US)","",""
"intermediate_cert <#1>","openfisca.mes-aides.1jeune1solution.beta.gouv.fr/5.135.137.147","443","INFO","-----BEGIN CERTIFICATE----- MIIFFjCCAv6gAwIBAgIRAJErCErPDBinU/bWLiWnX1owDQYJKoZIhvcNAQELBQAw TzELMAkGA1UEBhMCVVMxKTAnBgNVBAoTIEludGVybmV0IFNlY3VyaXR5IFJlc2Vh cmNoIEdyb3VwMRUwEwYDVQQDEwxJU1JHIFJvb3QgWDEwHhcNMjAwOTA0MDAwMDAw WhcNMjUwOTE1MTYwMDAwWjAyMQswCQYDVQQGEwJVUzEWMBQGA1UEChMNTGV0J3Mg RW5jcnlwdDELMAkGA1UEAxMCUjMwggEiMA0GCSqGSIb3DQEBAQUAA4IBDwAwggEK AoIBAQC7AhUozPaglNMPEuyNVZLD+ILxmaZ6QoinXSaqtSu5xUyxr45r+XXIo9cP R5QUVTVXjJ6oojkZ9YI8QqlObvU7wy7bjcCwXPNZOOftz2nwWgsbvsCUJCWH+jdx sxPnHKzhm+/b5DtFUkWWqcFTzjTIUu61ru2P3mBw4qVUq7ZtDpelQDRrK9O8Zutm NHz6a4uPVymZ+DAXXbpyb/uBxa3Shlg9F8fnCbvxK/eG3MHacV3URuPMrSXBiLxg Z3Vms/EY96Jc5lP/Ooi2R6X/ExjqmAl3P51T+c8B5fWmcBcUr2Ok/5mzk53cU6cG /kiFHaFpriV1uxPMUgP17VGhi9sVAgMBAAGjggEIMIIBBDAOBgNVHQ8BAf8EBAMC AYYwHQYDVR0lBBYwFAYIKwYBBQUHAwIGCCsGAQUFBwMBMBIGA1UdEwEB/wQIMAYB Af8CAQAwHQYDVR0OBBYEFBQusxe3WFbLrlAJQOYfr52LFMLGMB8GA1UdIwQYMBaA FHm0WeZ7tuXkAXOACIjIGlj26ZtuMDIGCCsGAQUFBwEBBCYwJDAiBggrBgEFBQcw AoYWaHR0cDovL3gxLmkubGVuY3Iub3JnLzAnBgNVHR8EIDAeMBygGqAYhhZodHRw Oi8veDEuYy5sZW5jci5vcmcvMCIGA1UdIAQbMBkwCAYGZ4EMAQIBMA0GCysGAQQB gt8TAQEBMA0GCSqGSIb3DQEBCwUAA4ICAQCFyk5HPqP3hUSFvNVneLKYY611TR6W PTNlclQtgaDqw+34IL9fzLdwALduO/ZelN7kIJ+m74uyA+eitRY8kc607TkC53wl ikfmZW4/RvTZ8M6UK+5UzhK8jCdLuMGYL6KvzXGRSgi3yLgjewQtCPkIVz6D2QQz CkcheAmCJ8MqyJu5zlzyZMjAvnnAT45tRAxekrsu94sQ4egdRCnbWSDtY7kh+BIm lJNXoB1lBMEKIq4QDUOXoRgffuDghje1WrG9ML+Hbisq/yFOGwXD9RiX8F6sw6W4 avAuvDszue5L3sz85K+EC4Y/wFVDNvZo4TYXao6Z0f+lQKc0t8DQYzk1OXVu8rp2 yJMC6alLbBfODALZvYH7n7do1AZls4I9d1P4jnkDrQoxB3UqQ9hVl3LEKQ73xF1O yK5GhDDX8oVfGKF5u+decIsH4YaTw7mP3GFxJSqv3+0lUFJoi5Lc5da149p90Ids hCExroL1+7mryIkXPeFM5TgO9r0rvZaBFOvV2z0gp35Z0+L4WPlbuEjN/lxPFin+ HlUjr8gRsI3qfJOQFy/9rKIJR0Y/8Omwt/8oTWgy1mdeHmmjk7j1nYsvC9JSQ6Zv MldlTTKB3zhThV1+XWYp6rjd5JW1zbVWEkLNxE7GJThEUG3szgBVGP7pSWTUTsqX nLRbwHOoq7hHwg== -----END CERTIFICATE-----","",""
"intermediate_cert_fingerprintSHA256 <#1>","openfisca.mes-aides.1jeune1solution.beta.gouv.fr/5.135.137.147","443","INFO","67ADD1166B020AE61B8F5FC96813C04C2AA589960796865572A3C7E737613DFD","",""
"intermediate_cert_notBefore <#1>","openfisca.mes-aides.1jeune1solution.beta.gouv.fr/5.135.137.147","443","INFO","2020-09-04 00:00","",""
"intermediate_cert_notAfter <#1>","openfisca.mes-aides.1jeune1solution.beta.gouv.fr/5.135.137.147","443","OK","2025-09-15 16:00","",""
"intermediate_cert_expiration <#1>","openfisca.mes-aides.1jeune1solution.beta.gouv.fr/5.135.137.147","443","OK","ok > 40 days","",""
"intermediate_cert_chain <#1>","openfisca.mes-aides.1jeune1solution.beta.gouv.fr/5.135.137.147","443","INFO","R3 <-- ISRG Root X1","",""
"intermediate_cert <#2>","openfisca.mes-aides.1jeune1solution.beta.gouv.fr/5.135.137.147","443","INFO","-----BEGIN CERTIFICATE----- MIIFYDCCBEigAwIBAgIQQAF3ITfU6UK47naqPGQKtzANBgkqhkiG9w0BAQsFADA/ MSQwIgYDVQQKExtEaWdpdGFsIFNpZ25hdHVyZSBUcnVzdCBDby4xFzAVBgNVBAMT DkRTVCBSb290IENBIFgzMB4XDTIxMDEyMDE5MTQwM1oXDTI0MDkzMDE4MTQwM1ow TzELMAkGA1UEBhMCVVMxKTAnBgNVBAoTIEludGVybmV0IFNlY3VyaXR5IFJlc2Vh cmNoIEdyb3VwMRUwEwYDVQQDEwxJU1JHIFJvb3QgWDEwggIiMA0GCSqGSIb3DQEB AQUAA4ICDwAwggIKAoICAQCt6CRz9BQ385ueK1coHIe+3LffOJCMbjzmV6B493XC ov71am72AE8o295ohmxEk7axY/0UEmu/H9LqMZshftEzPLpI9d1537O4/xLxIZpL wYqGcWlKZmZsj348cL+tKSIG8+TA5oCu4kuPt5l+lAOf00eXfJlII1PoOK5PCm+D LtFJV4yAdLbaL9A4jXsDcCEbdfIwPPqPrt3aY6vrFk/CjhFLfs8L6P+1dy70sntK 4EwSJQxwjQMpoOFTJOwT2e4ZvxCzSow/iaNhUd6shweU9GNx7C7ib1uYgeGJXDR5 bHbvO5BieebbpJovJsXQEOEO3tkQjhb7t/eo98flAgeYjzYIlefiN5YNNnWe+w5y sR2bvAP5SQXYgd0FtCrWQemsAXaVCg/Y39W9Eh81LygXbNKYwagJZHduRze6zqxZ Xmidf3LWicUGQSk+WT7dJvUkyRGnWqNMQB9GoZm1pzpRboY7nn1ypxIFeFntPlF4 FQsDj43QLwWyPntKHEtzBRL8xurgUBN8Q5N0s8p0544fAQjQMNRbcTa0B7rBMDBc SLeCO5imfWCKoqMpgsy6vYMEG6KDA0Gh1gXxG8K28Kh8hjtGqEgqiNx2mna/H2ql PRmP6zjzZN7IKw0KKP/32+IVQtQi0Cdd4Xn+GOdwiK1O5tmLOsbdJ1Fu/7xk9TND TwIDAQABo4IBRjCCAUIwDwYDVR0TAQH/BAUwAwEB/zAOBgNVHQ8BAf8EBAMCAQYw SwYIKwYBBQUHAQEEPzA9MDsGCCsGAQUFBzAChi9odHRwOi8vYXBwcy5pZGVudHJ1 c3QuY29tL3Jvb3RzL2RzdHJvb3RjYXgzLnA3YzAfBgNVHSMEGDAWgBTEp7Gkeyxx +tvhS5B1/8QVYIWJEDBUBgNVHSAETTBLMAgGBmeBDAECATA/BgsrBgEEAYLfEwEB ATAwMC4GCCsGAQUFBwIBFiJodHRwOi8vY3BzLnJvb3QteDEubGV0c2VuY3J5cHQu b3JnMDwGA1UdHwQ1MDMwMaAvoC2GK2h0dHA6Ly9jcmwuaWRlbnRydXN0LmNvbS9E U1RST09UQ0FYM0NSTC5jcmwwHQYDVR0OBBYEFHm0WeZ7tuXkAXOACIjIGlj26Ztu MA0GCSqGSIb3DQEBCwUAA4IBAQAKcwBslm7/DlLQrt2M51oGrS+o44+/yQoDFVDC 5WxCu2+b9LRPwkSICHXM6webFGJueN7sJ7o5XPWioW5WlHAQU7G75K/QosMrAdSW 9MUgNTP52GE24HGNtLi1qoJFlcDyqSMo59ahy2cI2qBDLKobkx/J3vWraV0T9VuG WCLKTVXkcGdtwlfFRjlBz4pYg1htmf5X6DYO8A4jqv2Il9DjXA6USbW1FzXSLr9O he8Y4IWS6wY7bCkjCWDcRQJMEhg76fsO3txE+FiYruq9RUWhiF1myv4Q6W+CyBFC Dfvp7OOGAN6dEOM4+qR9sdjoSYKEBpsr6GtPAQw4dy753ec5 -----END CERTIFICATE-----","",""
"intermediate_cert_fingerprintSHA256 <#2>","openfisca.mes-aides.1jeune1solution.beta.gouv.fr/5.135.137.147","443","INFO","6D99FB265EB1C5B3744765FCBC648F3CD8E1BFFAFDC4C2F99B9D47CF7FF1C24F","",""
"intermediate_cert_notBefore <#2>","openfisca.mes-aides.1jeune1solution.beta.gouv.fr/5.135.137.147","443","INFO","2021-01-20 19:14","",""
"intermediate_cert_notAfter <#2>","openfisca.mes-aides.1jeune1solution.beta.gouv.fr/5.135.137.147","443","OK","2024-09-30 18:14","",""
"intermediate_cert_expiration <#2>","openfisca.mes-aides.1jeune1solution.beta.gouv.fr/5.135.137.147","443","OK","ok > 40 days","",""
"intermediate_cert_chain <#2>","openfisca.mes-aides.1jeune1solution.beta.gouv.fr/5.135.137.147","443","INFO","ISRG Root X1 <-- DST Root CA X3","",""
"intermediate_cert_badOCSP","openfisca.mes-aides.1jeune1solution.beta.gouv.fr/5.135.137.147","443","OK","intermediate certificate(s) is/are ok","",""
"HTTP_status_code","openfisca.mes-aides.1jeune1solution.beta.gouv.fr/5.135.137.147","443","WARN","Unexpected 300 MULTIPLE CHOICES @ '/'","",""
"HTTP_clock_skew","openfisca.mes-aides.1jeune1solution.beta.gouv.fr/5.135.137.147","443","INFO","0 seconds from localtime","",""
"HSTS","openfisca.mes-aides.1jeune1solution.beta.gouv.fr/5.135.137.147","443","LOW","not offered","",""
"HPKP","openfisca.mes-aides.1jeune1solution.beta.gouv.fr/5.135.137.147","443","INFO","No support for HTTP Public Key Pinning","",""
"banner_server","openfisca.mes-aides.1jeune1solution.beta.gouv.fr/5.135.137.147","443","INFO","nginx/1.14.2","",""
"banner_application","openfisca.mes-aides.1jeune1solution.beta.gouv.fr/5.135.137.147","443","INFO","No application banner found","",""
"cookie_count","openfisca.mes-aides.1jeune1solution.beta.gouv.fr/5.135.137.147","443","INFO","0 at '/' (30x detected, better try target URL of 30x)","",""
"Access-Control-Allow-Origin","openfisca.mes-aides.1jeune1solution.beta.gouv.fr/5.135.137.147","443","INFO","*","",""
"banner_reverseproxy","openfisca.mes-aides.1jeune1solution.beta.gouv.fr/5.135.137.147","443","INFO","--","","CWE-200"
"heartbleed","openfisca.mes-aides.1jeune1solution.beta.gouv.fr/5.135.137.147","443","OK","not vulnerable, no heartbeat extension","CVE-2014-0160","CWE-119"
"CCS","openfisca.mes-aides.1jeune1solution.beta.gouv.fr/5.135.137.147","443","OK","not vulnerable","CVE-2014-0224","CWE-310"
"ticketbleed","openfisca.mes-aides.1jeune1solution.beta.gouv.fr/5.135.137.147","443","OK","not vulnerable","CVE-2016-9244","CWE-200"
"ROBOT","openfisca.mes-aides.1jeune1solution.beta.gouv.fr/5.135.137.147","443","OK","not vulnerable, no RSA key transport cipher","CVE-2017-17382 CVE-2017-17427 CVE-2017-17428 CVE-2017-13098 CVE-2017-1000385 CVE-2017-13099 CVE-2016-6883 CVE-2012-5081 CVE-2017-6168","CWE-203"
"secure_renego","openfisca.mes-aides.1jeune1solution.beta.gouv.fr/5.135.137.147","443","OK","supported","","CWE-310"
"secure_client_renego","openfisca.mes-aides.1jeune1solution.beta.gouv.fr/5.135.137.147","443","OK","not vulnerable","CVE-2011-1473","CWE-310"
"CRIME_TLS","openfisca.mes-aides.1jeune1solution.beta.gouv.fr/5.135.137.147","443","OK","not vulnerable","CVE-2012-4929","CWE-310"
"BREACH","openfisca.mes-aides.1jeune1solution.beta.gouv.fr/5.135.137.147","443","OK","not vulnerable, no gzip/deflate/compress/br HTTP compression  - only supplied '/' tested","CVE-2013-3587","CWE-310"
"POODLE_SSL","openfisca.mes-aides.1jeune1solution.beta.gouv.fr/5.135.137.147","443","OK","not vulnerable, no SSLv3","CVE-2014-3566","CWE-310"
"fallback_SCSV","openfisca.mes-aides.1jeune1solution.beta.gouv.fr/5.135.137.147","443","OK","supported","",""
"SWEET32","openfisca.mes-aides.1jeune1solution.beta.gouv.fr/5.135.137.147","443","OK","not vulnerable","CVE-2016-2183 CVE-2016-6329","CWE-327"
"FREAK","openfisca.mes-aides.1jeune1solution.beta.gouv.fr/5.135.137.147","443","OK","not vulnerable","CVE-2015-0204","CWE-310"
"DROWN","openfisca.mes-aides.1jeune1solution.beta.gouv.fr/5.135.137.147","443","OK","not vulnerable on this host and port","CVE-2016-0800 CVE-2016-0703","CWE-310"
"DROWN_hint","openfisca.mes-aides.1jeune1solution.beta.gouv.fr/5.135.137.147","443","INFO","Make sure you don't use this certificate elsewhere with SSLv2 enabled services, see https://censys.io/ipv4?q=91F2EF18C7BB6053B7769ADEDD187432057792DA1108FC0AA87D91A7C2CA84D4","CVE-2016-0800 CVE-2016-0703","CWE-310"
"LOGJAM","openfisca.mes-aides.1jeune1solution.beta.gouv.fr/5.135.137.147","443","OK","not vulnerable, no DH EXPORT ciphers,","CVE-2015-4000","CWE-310"
"LOGJAM-common_primes","openfisca.mes-aides.1jeune1solution.beta.gouv.fr/5.135.137.147","443","OK","--","CVE-2015-4000","CWE-310"
"BEAST_CBC_TLS1","openfisca.mes-aides.1jeune1solution.beta.gouv.fr/5.135.137.147","443","MEDIUM","DHE-RSA-AES256-SHA DHE-RSA-CAMELLIA256-SHA DHE-RSA-AES128-SHA DHE-RSA-SEED-SHA DHE-RSA-CAMELLIA128-SHA ECDHE-RSA-AES256-SHA ECDHE-RSA-AES128-SHA","CVE-2011-3389","CWE-20"
"BEAST","openfisca.mes-aides.1jeune1solution.beta.gouv.fr/5.135.137.147","443","LOW","VULNERABLE -- but also supports higher protocols  TLSv1.1 TLSv1.2 (likely mitigated)","CVE-2011-3389","CWE-20"
"LUCKY13","openfisca.mes-aides.1jeune1solution.beta.gouv.fr/5.135.137.147","443","LOW","potentially vulnerable, uses TLS CBC ciphers","CVE-2013-0169","CWE-310"
"winshock","openfisca.mes-aides.1jeune1solution.beta.gouv.fr/5.135.137.147","443","OK","not vulnerable","CVE-2014-6321","CWE-94"
"RC4","openfisca.mes-aides.1jeune1solution.beta.gouv.fr/5.135.137.147","443","OK","not vulnerable","CVE-2013-2566 CVE-2015-2808","CWE-310"
"clientsimulation-android_442","openfisca.mes-aides.1jeune1solution.beta.gouv.fr/5.135.137.147","443","INFO","TLSv1.2 ECDHE-RSA-AES256-GCM-SHA384","",""
"clientsimulation-android_500","openfisca.mes-aides.1jeune1solution.beta.gouv.fr/5.135.137.147","443","INFO","TLSv1.2 ECDHE-RSA-AES128-GCM-SHA256","",""
"clientsimulation-android_60","openfisca.mes-aides.1jeune1solution.beta.gouv.fr/5.135.137.147","443","INFO","TLSv1.2 ECDHE-RSA-AES128-GCM-SHA256","",""
"clientsimulation-android_70","openfisca.mes-aides.1jeune1solution.beta.gouv.fr/5.135.137.147","443","INFO","TLSv1.2 ECDHE-RSA-AES256-GCM-SHA384","",""
"clientsimulation-android_81","openfisca.mes-aides.1jeune1solution.beta.gouv.fr/5.135.137.147","443","INFO","TLSv1.2 ECDHE-RSA-AES256-GCM-SHA384","",""
"clientsimulation-android_90","openfisca.mes-aides.1jeune1solution.beta.gouv.fr/5.135.137.147","443","INFO","TLSv1.2 ECDHE-RSA-AES256-GCM-SHA384","",""
"clientsimulation-android_X","openfisca.mes-aides.1jeune1solution.beta.gouv.fr/5.135.137.147","443","INFO","TLSv1.2 ECDHE-RSA-AES256-GCM-SHA384","",""
"clientsimulation-chrome_74_win10","openfisca.mes-aides.1jeune1solution.beta.gouv.fr/5.135.137.147","443","INFO","TLSv1.2 ECDHE-RSA-AES256-GCM-SHA384","",""
"clientsimulation-chrome_79_win10","openfisca.mes-aides.1jeune1solution.beta.gouv.fr/5.135.137.147","443","INFO","TLSv1.2 ECDHE-RSA-AES256-GCM-SHA384","",""
"clientsimulation-firefox_66_win81","openfisca.mes-aides.1jeune1solution.beta.gouv.fr/5.135.137.147","443","INFO","TLSv1.2 ECDHE-RSA-AES256-GCM-SHA384","",""
"clientsimulation-firefox_71_win10","openfisca.mes-aides.1jeune1solution.beta.gouv.fr/5.135.137.147","443","INFO","TLSv1.2 ECDHE-RSA-AES256-GCM-SHA384","",""
"clientsimulation-ie_6_xp","openfisca.mes-aides.1jeune1solution.beta.gouv.fr/5.135.137.147","443","INFO","No connection","",""
"clientsimulation-ie_8_win7","openfisca.mes-aides.1jeune1solution.beta.gouv.fr/5.135.137.147","443","INFO","TLSv1.0 ECDHE-RSA-AES256-SHA","",""
"clientsimulation-ie_8_xp","openfisca.mes-aides.1jeune1solution.beta.gouv.fr/5.135.137.147","443","INFO","No connection","",""
"clientsimulation-ie_11_win7","openfisca.mes-aides.1jeune1solution.beta.gouv.fr/5.135.137.147","443","INFO","TLSv1.2 DHE-RSA-AES256-GCM-SHA384","",""
"clientsimulation-ie_11_win81","openfisca.mes-aides.1jeune1solution.beta.gouv.fr/5.135.137.147","443","INFO","TLSv1.2 DHE-RSA-AES256-GCM-SHA384","",""
"clientsimulation-ie_11_winphone81","openfisca.mes-aides.1jeune1solution.beta.gouv.fr/5.135.137.147","443","INFO","TLSv1.2 ECDHE-RSA-AES128-SHA256","",""
"clientsimulation-ie_11_win10","openfisca.mes-aides.1jeune1solution.beta.gouv.fr/5.135.137.147","443","INFO","TLSv1.2 ECDHE-RSA-AES256-GCM-SHA384","",""
"clientsimulation-edge_15_win10","openfisca.mes-aides.1jeune1solution.beta.gouv.fr/5.135.137.147","443","INFO","TLSv1.2 ECDHE-RSA-AES256-GCM-SHA384","",""
"clientsimulation-edge_17_win10","openfisca.mes-aides.1jeune1solution.beta.gouv.fr/5.135.137.147","443","INFO","TLSv1.2 ECDHE-RSA-AES256-GCM-SHA384","",""
"clientsimulation-opera_66_win10","openfisca.mes-aides.1jeune1solution.beta.gouv.fr/5.135.137.147","443","INFO","TLSv1.2 ECDHE-RSA-AES256-GCM-SHA384","",""
"clientsimulation-safari_9_ios9","openfisca.mes-aides.1jeune1solution.beta.gouv.fr/5.135.137.147","443","INFO","TLSv1.2 ECDHE-RSA-AES256-GCM-SHA384","",""
"clientsimulation-safari_9_osx1011","openfisca.mes-aides.1jeune1solution.beta.gouv.fr/5.135.137.147","443","INFO","TLSv1.2 ECDHE-RSA-AES256-GCM-SHA384","",""
"clientsimulation-safari_10_osx1012","openfisca.mes-aides.1jeune1solution.beta.gouv.fr/5.135.137.147","443","INFO","TLSv1.2 ECDHE-RSA-AES256-GCM-SHA384","",""
"clientsimulation-safari_121_ios_122","openfisca.mes-aides.1jeune1solution.beta.gouv.fr/5.135.137.147","443","INFO","TLSv1.2 ECDHE-RSA-AES256-GCM-SHA384","",""
"clientsimulation-safari_130_osx_10146","openfisca.mes-aides.1jeune1solution.beta.gouv.fr/5.135.137.147","443","INFO","TLSv1.2 ECDHE-RSA-AES256-GCM-SHA384","",""
"clientsimulation-apple_ats_9_ios9","openfisca.mes-aides.1jeune1solution.beta.gouv.fr/5.135.137.147","443","INFO","TLSv1.2 ECDHE-RSA-AES256-GCM-SHA384","",""
"clientsimulation-java_6u45","openfisca.mes-aides.1jeune1solution.beta.gouv.fr/5.135.137.147","443","INFO","No connection","",""
"clientsimulation-java_7u25","openfisca.mes-aides.1jeune1solution.beta.gouv.fr/5.135.137.147","443","INFO","No connection","",""
"clientsimulation-java_8u161","openfisca.mes-aides.1jeune1solution.beta.gouv.fr/5.135.137.147","443","INFO","TLSv1.2 ECDHE-RSA-AES256-GCM-SHA384","",""
"clientsimulation-java1102","openfisca.mes-aides.1jeune1solution.beta.gouv.fr/5.135.137.147","443","INFO","TLSv1.2 ECDHE-RSA-AES256-GCM-SHA384","",""
"clientsimulation-java1201","openfisca.mes-aides.1jeune1solution.beta.gouv.fr/5.135.137.147","443","INFO","TLSv1.2 ECDHE-RSA-AES256-GCM-SHA384","",""
"clientsimulation-openssl_102e","openfisca.mes-aides.1jeune1solution.beta.gouv.fr/5.135.137.147","443","INFO","TLSv1.2 ECDHE-RSA-AES256-GCM-SHA384","",""
"clientsimulation-openssl_110l","openfisca.mes-aides.1jeune1solution.beta.gouv.fr/5.135.137.147","443","INFO","TLSv1.2 ECDHE-RSA-AES256-GCM-SHA384","",""
"clientsimulation-openssl_111d","openfisca.mes-aides.1jeune1solution.beta.gouv.fr/5.135.137.147","443","INFO","TLSv1.2 ECDHE-RSA-AES256-GCM-SHA384","",""
"clientsimulation-thunderbird_68_3_1","openfisca.mes-aides.1jeune1solution.beta.gouv.fr/5.135.137.147","443","INFO","TLSv1.2 ECDHE-RSA-AES256-GCM-SHA384","",""
"rating_spec","openfisca.mes-aides.1jeune1solution.beta.gouv.fr/5.135.137.147","443","INFO","SSL Labs's 'SSL Server Rating Guide' (version 2009q from 2020-01-30)","",""
"rating_doc","openfisca.mes-aides.1jeune1solution.beta.gouv.fr/5.135.137.147","443","INFO","https://github.com/ssllabs/research/wiki/SSL-Server-Rating-Guide","",""
"protocol_support_score","openfisca.mes-aides.1jeune1solution.beta.gouv.fr/5.135.137.147","443","INFO","95","",""
"protocol_support_score_weighted","openfisca.mes-aides.1jeune1solution.beta.gouv.fr/5.135.137.147","443","INFO","28","",""
"key_exchange_score","openfisca.mes-aides.1jeune1solution.beta.gouv.fr/5.135.137.147","443","INFO","90","",""
"key_exchange_score_weighted","openfisca.mes-aides.1jeune1solution.beta.gouv.fr/5.135.137.147","443","INFO","27","",""
"cipher_strength_score","openfisca.mes-aides.1jeune1solution.beta.gouv.fr/5.135.137.147","443","INFO","60","",""
"cipher_strength_score_weighted","openfisca.mes-aides.1jeune1solution.beta.gouv.fr/5.135.137.147","443","INFO","24","",""
"final_score","openfisca.mes-aides.1jeune1solution.beta.gouv.fr/5.135.137.147","443","INFO","79","",""
"overall_grade","openfisca.mes-aides.1jeune1solution.beta.gouv.fr/5.135.137.147","443","MEDIUM","B","",""
"grade_cap_reason_1","openfisca.mes-aides.1jeune1solution.beta.gouv.fr/5.135.137.147","443","INFO","Grade capped to B. TLS 1.1 offered","",""
"grade_cap_reason_2","openfisca.mes-aides.1jeune1solution.beta.gouv.fr/5.135.137.147","443","INFO","Grade capped to B. TLS 1.0 offered","",""
"grade_cap_reason_3","openfisca.mes-aides.1jeune1solution.beta.gouv.fr/5.135.137.147","443","INFO","Grade capped to A. HSTS is not offered","",""
