"id","fqdn/ip","port","severity","finding","cve","cwe"
"service","classe-a-12.beta.gouv.fr/185.31.40.21","443","INFO","HTTP","",""
"pre_128cipher","classe-a-12.beta.gouv.fr/185.31.40.21","443","INFO","No 128 cipher limit bug","",""
"SSLv2","classe-a-12.beta.gouv.fr/185.31.40.21","443","OK","not offered","",""
"SSLv3","classe-a-12.beta.gouv.fr/185.31.40.21","443","OK","not offered","",""
"TLS1","classe-a-12.beta.gouv.fr/185.31.40.21","443","INFO","not offered","",""
"TLS1_1","classe-a-12.beta.gouv.fr/185.31.40.21","443","INFO","not offered","",""
"TLS1_2","classe-a-12.beta.gouv.fr/185.31.40.21","443","OK","offered","",""
"TLS1_3","classe-a-12.beta.gouv.fr/185.31.40.21","443","OK","offered with final","",""
"ALPN","classe-a-12.beta.gouv.fr/185.31.40.21","443","INFO","not offered","",""
"cipherlist_NULL","classe-a-12.beta.gouv.fr/185.31.40.21","443","OK","not offered","","CWE-327"
"cipherlist_aNULL","classe-a-12.beta.gouv.fr/185.31.40.21","443","OK","not offered","","CWE-327"
"cipherlist_EXPORT","classe-a-12.beta.gouv.fr/185.31.40.21","443","OK","not offered","","CWE-327"
"cipherlist_LOW","classe-a-12.beta.gouv.fr/185.31.40.21","443","OK","not offered","","CWE-327"
"cipherlist_3DES_IDEA","classe-a-12.beta.gouv.fr/185.31.40.21","443","INFO","not offered","","CWE-310"
"cipherlist_AVERAGE","classe-a-12.beta.gouv.fr/185.31.40.21","443","INFO","not offered","","CWE-310"
"cipherlist_GOOD","classe-a-12.beta.gouv.fr/185.31.40.21","443","INFO","not offered","",""
"cipherlist_STRONG","classe-a-12.beta.gouv.fr/185.31.40.21","443","OK","offered","",""
"cipher_order","classe-a-12.beta.gouv.fr/185.31.40.21","443","HIGH","NOT a cipher order configured","",""
"protocol_negotiated","classe-a-12.beta.gouv.fr/185.31.40.21","443","OK","Default protocol TLS1.3","",""
"cipher_negotiated","classe-a-12.beta.gouv.fr/185.31.40.21","443","OK","TLS_AES_256_GCM_SHA384, 253 bit ECDH (X25519)  (limited sense as client will pick)","",""
"cipher-tls1_2_xc030","classe-a-12.beta.gouv.fr/185.31.40.21","443","OK","TLSv1.2   xc030   ECDHE-RSA-AES256-GCM-SHA384       ECDH 521   AESGCM      256      TLS_ECDHE_RSA_WITH_AES_256_GCM_SHA384","",""
"cipher-tls1_2_xc02f","classe-a-12.beta.gouv.fr/185.31.40.21","443","OK","TLSv1.2   xc02f   ECDHE-RSA-AES128-GCM-SHA256       ECDH 521   AESGCM      128      TLS_ECDHE_RSA_WITH_AES_128_GCM_SHA256","",""
"supportedciphers_TLSv1_2","classe-a-12.beta.gouv.fr/185.31.40.21","443","INFO","ECDHE-RSA-AES256-GCM-SHA384 ECDHE-RSA-AES128-GCM-SHA256","",""
"FS","classe-a-12.beta.gouv.fr/185.31.40.21","443","OK","offered","",""
"FS_ciphers","classe-a-12.beta.gouv.fr/185.31.40.21","443","INFO","ECDHE-RSA-AES128-GCM-SHA256 ECDHE-RSA-AES256-GCM-SHA384","",""
"FS_ECDHE_curves","classe-a-12.beta.gouv.fr/185.31.40.21","443","OK","prime256v1 secp384r1 secp521r1","",""
"TLS_extensions","classe-a-12.beta.gouv.fr/185.31.40.21","443","INFO","'renegotiation info/#65281' 'EC point formats/#11' 'session ticket/#35' 'supported versions/#43' 'key share/#51' 'supported_groups/#10' 'max fragment length/#1' 'extended master secret/#23'","",""
"TLS_session_ticket","classe-a-12.beta.gouv.fr/185.31.40.21","443","INFO","valid for 7200 seconds only (<daily)","",""
"SSL_sessionID_support","classe-a-12.beta.gouv.fr/185.31.40.21","443","INFO","yes","",""
"sessionresumption_ticket","classe-a-12.beta.gouv.fr/185.31.40.21","443","INFO","not supported","",""
"sessionresumption_ID","classe-a-12.beta.gouv.fr/185.31.40.21","443","INFO","not supported","",""
"TLS_timestamp","classe-a-12.beta.gouv.fr/185.31.40.21","443","INFO","random","",""
"certificate_compression","classe-a-12.beta.gouv.fr/185.31.40.21","443","INFO","none","",""
"clientAuth","classe-a-12.beta.gouv.fr/185.31.40.21","443","INFO","none","",""
"cert_numbers","classe-a-12.beta.gouv.fr/185.31.40.21","443","INFO","1","",""
"cert_signatureAlgorithm","classe-a-12.beta.gouv.fr/185.31.40.21","443","OK","SHA256 with RSA","",""
"cert_keySize","classe-a-12.beta.gouv.fr/185.31.40.21","443","INFO","RSA 2048 bits (exponent is 65537)","",""
"cert_keyUsage","classe-a-12.beta.gouv.fr/185.31.40.21","443","INFO","Digital Signature, Key Encipherment","",""
"cert_extKeyUsage","classe-a-12.beta.gouv.fr/185.31.40.21","443","INFO","TLS Web Server Authentication, TLS Web Client Authentication","",""
"cert_serialNumber","classe-a-12.beta.gouv.fr/185.31.40.21","443","INFO","046C66645371CA78438ACAB484D883AF4699","",""
"cert_fingerprintSHA1","classe-a-12.beta.gouv.fr/185.31.40.21","443","INFO","9F7629E13A4174667E863FA684B0EB1868896CA1","",""
"cert_fingerprintSHA256","classe-a-12.beta.gouv.fr/185.31.40.21","443","INFO","B8D2253DC5E0009BF86E7509AA10B88907B1FCBE10186F39EF36857A37984A48","",""
"cert","classe-a-12.beta.gouv.fr/185.31.40.21","443","INFO","-----BEGIN CERTIFICATE----- MIIFNjCCBB6gAwIBAgISBGxmZFNxynhDisq0hNiDr0aZMA0GCSqGSIb3DQEBCwUA MDIxCzAJBgNVBAYTAlVTMRYwFAYDVQQKEw1MZXQncyBFbmNyeXB0MQswCQYDVQQD EwJSMzAeFw0yMTA3MzEwMDQzMjZaFw0yMTEwMjkwMDQzMjRaMCMxITAfBgNVBAMT GGNsYXNzZS1hLTEyLmJldGEuZ291di5mcjCCASIwDQYJKoZIhvcNAQEBBQADggEP ADCCAQoCggEBAL0Za7MOhSmkbMcerJ3TiWtjuyZRAZbjbB3cIejRvc+mJnljfVXG 5CvXyCATmCtIv0vniQfW+i/LtzmVvrv6KBO1n9oCX3gir24bE+tas57IxmXYD9zb X6b7QuxfF6xHRzi9zepXuxv9d/wAfUeh4QjXMerUwaWe/uzHBm+jC34YLlyrlRwv bJ4k3IvRYT1k6Y+QRDOmbkK91+xCVwAhUFUAFgrdi5EpVb8jwAJ9KvuayRebl+YJ lYr9bV1XpDLZGA9VFy1tWYgO8wHA60OJ79TkIi1HAXxLWgoNtoD6UYOLvDf2BnCZ SesCwK3LLdAqkI+OmYgMtcjcFP6Czi/u7T0CAwEAAaOCAlMwggJPMA4GA1UdDwEB /wQEAwIFoDAdBgNVHSUEFjAUBggrBgEFBQcDAQYIKwYBBQUHAwIwDAYDVR0TAQH/ BAIwADAdBgNVHQ4EFgQUPgZ6OdwmDNPrz+NgRlZ/cS3rStMwHwYDVR0jBBgwFoAU FC6zF7dYVsuuUAlA5h+vnYsUwsYwVQYIKwYBBQUHAQEESTBHMCEGCCsGAQUFBzAB hhVodHRwOi8vcjMuby5sZW5jci5vcmcwIgYIKwYBBQUHMAKGFmh0dHA6Ly9yMy5p LmxlbmNyLm9yZy8wIwYDVR0RBBwwGoIYY2xhc3NlLWEtMTIuYmV0YS5nb3V2LmZy MEwGA1UdIARFMEMwCAYGZ4EMAQIBMDcGCysGAQQBgt8TAQEBMCgwJgYIKwYBBQUH AgEWGmh0dHA6Ly9jcHMubGV0c2VuY3J5cHQub3JnMIIBBAYKKwYBBAHWeQIEAgSB 9QSB8gDwAHYAlCC8Ho7VjWyIcx+CiyIsDdHaTV5sT5Q9YdtOL1hNosIAAAF6+jr3 oQAABAMARzBFAiEAjmxgSRK3vKAur3LcIh7l0WuYb/mIdXs83Zt4XNWDbvUCIFHI VZKTc7DCrgCBuT+ZwDmACYNBsZTeZxfkbC6ehpNiAHYA9lyUL9F3MCIUVBgIMJRW juNNExkzv98MLyALzE7xZOMAAAF6+jr5SQAABAMARzBFAiEAjt6NXKKzs+ERF3NC KJPbns0G5RH1NCWJjwZVh/skgEACIFRjXdwfaSQiI0oQHRQGpcfl0/DP8gscE74O iWx78XZPMA0GCSqGSIb3DQEBCwUAA4IBAQAF4u8hqgCi/ptwkWzv1D+r8uKRnB8m FstkdZbAQpEx6hdtDXW7X5HB1eHbqpjYbrt9nOX4YoOa+xP+YyjwxA42p7tdQWMf cHuO/EqC4n66QbYQmPm0D7IdYZw6uR5i4UfdZbF+BYFgTvgJ7GLHgox+HesBSV2Z CjgK6a/r2DgaJULWT7+OS/dFJnoieNdKCiRt0rCaMXAZulfTh1MITLNK+XRozDgu vc+bnLDwoI320AhzI5No/Vn2Rp7Fn2iFikep9+Jyde8MYI40SMgX1uAWfTh7SV0a dP0aEgulEchVAWLlhy23hDkDMGsFxZc3g6nhvk29gRPDE56DpKsJOdRO -----END CERTIFICATE-----","",""
"cert_commonName","classe-a-12.beta.gouv.fr/185.31.40.21","443","OK","classe-a-12.beta.gouv.fr","",""
"cert_commonName_wo_SNI","classe-a-12.beta.gouv.fr/185.31.40.21","443","INFO","*.alwaysdata.net","",""
"cert_subjectAltName","classe-a-12.beta.gouv.fr/185.31.40.21","443","INFO","classe-a-12.beta.gouv.fr","",""
"cert_trust","classe-a-12.beta.gouv.fr/185.31.40.21","443","OK","Ok via SAN and CN (SNI mandatory)","",""
"cert_chain_of_trust","classe-a-12.beta.gouv.fr/185.31.40.21","443","OK","passed.","",""
"cert_certificatePolicies_EV","classe-a-12.beta.gouv.fr/185.31.40.21","443","INFO","no","",""
"cert_expirationStatus","classe-a-12.beta.gouv.fr/185.31.40.21","443","OK","38 >= 30 days","",""
"cert_notBefore","classe-a-12.beta.gouv.fr/185.31.40.21","443","INFO","2021-07-31 00:43","",""
"cert_notAfter","classe-a-12.beta.gouv.fr/185.31.40.21","443","OK","2021-10-29 00:43","",""
"cert_extlifeSpan","classe-a-12.beta.gouv.fr/185.31.40.21","443","OK","certificate has no extended life time according to browser forum","",""
"cert_eTLS","classe-a-12.beta.gouv.fr/185.31.40.21","443","INFO","not present","",""
"cert_crlDistributionPoints","classe-a-12.beta.gouv.fr/185.31.40.21","443","INFO","--","",""
"cert_ocspURL","classe-a-12.beta.gouv.fr/185.31.40.21","443","INFO","http://r3.o.lencr.org","",""
"OCSP_stapling","classe-a-12.beta.gouv.fr/185.31.40.21","443","LOW","not offered","",""
"cert_mustStapleExtension","classe-a-12.beta.gouv.fr/185.31.40.21","443","INFO","--","",""
"DNS_CAArecord","classe-a-12.beta.gouv.fr/185.31.40.21","443","LOW","--","",""
"certificate_transparency","classe-a-12.beta.gouv.fr/185.31.40.21","443","OK","yes (certificate extension)","",""
"certs_countServer","classe-a-12.beta.gouv.fr/185.31.40.21","443","INFO","3","",""
"certs_list_ordering_problem","classe-a-12.beta.gouv.fr/185.31.40.21","443","INFO","no","",""
"cert_caIssuers","classe-a-12.beta.gouv.fr/185.31.40.21","443","INFO","R3 (Let's Encrypt from US)","",""
"intermediate_cert <#1>","classe-a-12.beta.gouv.fr/185.31.40.21","443","INFO","-----BEGIN CERTIFICATE----- MIIFFjCCAv6gAwIBAgIRAJErCErPDBinU/bWLiWnX1owDQYJKoZIhvcNAQELBQAw TzELMAkGA1UEBhMCVVMxKTAnBgNVBAoTIEludGVybmV0IFNlY3VyaXR5IFJlc2Vh cmNoIEdyb3VwMRUwEwYDVQQDEwxJU1JHIFJvb3QgWDEwHhcNMjAwOTA0MDAwMDAw WhcNMjUwOTE1MTYwMDAwWjAyMQswCQYDVQQGEwJVUzEWMBQGA1UEChMNTGV0J3Mg RW5jcnlwdDELMAkGA1UEAxMCUjMwggEiMA0GCSqGSIb3DQEBAQUAA4IBDwAwggEK AoIBAQC7AhUozPaglNMPEuyNVZLD+ILxmaZ6QoinXSaqtSu5xUyxr45r+XXIo9cP R5QUVTVXjJ6oojkZ9YI8QqlObvU7wy7bjcCwXPNZOOftz2nwWgsbvsCUJCWH+jdx sxPnHKzhm+/b5DtFUkWWqcFTzjTIUu61ru2P3mBw4qVUq7ZtDpelQDRrK9O8Zutm NHz6a4uPVymZ+DAXXbpyb/uBxa3Shlg9F8fnCbvxK/eG3MHacV3URuPMrSXBiLxg Z3Vms/EY96Jc5lP/Ooi2R6X/ExjqmAl3P51T+c8B5fWmcBcUr2Ok/5mzk53cU6cG /kiFHaFpriV1uxPMUgP17VGhi9sVAgMBAAGjggEIMIIBBDAOBgNVHQ8BAf8EBAMC AYYwHQYDVR0lBBYwFAYIKwYBBQUHAwIGCCsGAQUFBwMBMBIGA1UdEwEB/wQIMAYB Af8CAQAwHQYDVR0OBBYEFBQusxe3WFbLrlAJQOYfr52LFMLGMB8GA1UdIwQYMBaA FHm0WeZ7tuXkAXOACIjIGlj26ZtuMDIGCCsGAQUFBwEBBCYwJDAiBggrBgEFBQcw AoYWaHR0cDovL3gxLmkubGVuY3Iub3JnLzAnBgNVHR8EIDAeMBygGqAYhhZodHRw Oi8veDEuYy5sZW5jci5vcmcvMCIGA1UdIAQbMBkwCAYGZ4EMAQIBMA0GCysGAQQB gt8TAQEBMA0GCSqGSIb3DQEBCwUAA4ICAQCFyk5HPqP3hUSFvNVneLKYY611TR6W PTNlclQtgaDqw+34IL9fzLdwALduO/ZelN7kIJ+m74uyA+eitRY8kc607TkC53wl ikfmZW4/RvTZ8M6UK+5UzhK8jCdLuMGYL6KvzXGRSgi3yLgjewQtCPkIVz6D2QQz CkcheAmCJ8MqyJu5zlzyZMjAvnnAT45tRAxekrsu94sQ4egdRCnbWSDtY7kh+BIm lJNXoB1lBMEKIq4QDUOXoRgffuDghje1WrG9ML+Hbisq/yFOGwXD9RiX8F6sw6W4 avAuvDszue5L3sz85K+EC4Y/wFVDNvZo4TYXao6Z0f+lQKc0t8DQYzk1OXVu8rp2 yJMC6alLbBfODALZvYH7n7do1AZls4I9d1P4jnkDrQoxB3UqQ9hVl3LEKQ73xF1O yK5GhDDX8oVfGKF5u+decIsH4YaTw7mP3GFxJSqv3+0lUFJoi5Lc5da149p90Ids hCExroL1+7mryIkXPeFM5TgO9r0rvZaBFOvV2z0gp35Z0+L4WPlbuEjN/lxPFin+ HlUjr8gRsI3qfJOQFy/9rKIJR0Y/8Omwt/8oTWgy1mdeHmmjk7j1nYsvC9JSQ6Zv MldlTTKB3zhThV1+XWYp6rjd5JW1zbVWEkLNxE7GJThEUG3szgBVGP7pSWTUTsqX nLRbwHOoq7hHwg== -----END CERTIFICATE-----","",""
"intermediate_cert_fingerprintSHA256 <#1>","classe-a-12.beta.gouv.fr/185.31.40.21","443","INFO","67ADD1166B020AE61B8F5FC96813C04C2AA589960796865572A3C7E737613DFD","",""
"intermediate_cert_notBefore <#1>","classe-a-12.beta.gouv.fr/185.31.40.21","443","INFO","2020-09-04 00:00","",""
"intermediate_cert_notAfter <#1>","classe-a-12.beta.gouv.fr/185.31.40.21","443","OK","2025-09-15 16:00","",""
"intermediate_cert_expiration <#1>","classe-a-12.beta.gouv.fr/185.31.40.21","443","OK","ok > 40 days","",""
"intermediate_cert_chain <#1>","classe-a-12.beta.gouv.fr/185.31.40.21","443","INFO","R3 <-- ISRG Root X1","",""
"intermediate_cert <#2>","classe-a-12.beta.gouv.fr/185.31.40.21","443","INFO","-----BEGIN CERTIFICATE----- MIIFYDCCBEigAwIBAgIQQAF3ITfU6UK47naqPGQKtzANBgkqhkiG9w0BAQsFADA/ MSQwIgYDVQQKExtEaWdpdGFsIFNpZ25hdHVyZSBUcnVzdCBDby4xFzAVBgNVBAMT DkRTVCBSb290IENBIFgzMB4XDTIxMDEyMDE5MTQwM1oXDTI0MDkzMDE4MTQwM1ow TzELMAkGA1UEBhMCVVMxKTAnBgNVBAoTIEludGVybmV0IFNlY3VyaXR5IFJlc2Vh cmNoIEdyb3VwMRUwEwYDVQQDEwxJU1JHIFJvb3QgWDEwggIiMA0GCSqGSIb3DQEB AQUAA4ICDwAwggIKAoICAQCt6CRz9BQ385ueK1coHIe+3LffOJCMbjzmV6B493XC ov71am72AE8o295ohmxEk7axY/0UEmu/H9LqMZshftEzPLpI9d1537O4/xLxIZpL wYqGcWlKZmZsj348cL+tKSIG8+TA5oCu4kuPt5l+lAOf00eXfJlII1PoOK5PCm+D LtFJV4yAdLbaL9A4jXsDcCEbdfIwPPqPrt3aY6vrFk/CjhFLfs8L6P+1dy70sntK 4EwSJQxwjQMpoOFTJOwT2e4ZvxCzSow/iaNhUd6shweU9GNx7C7ib1uYgeGJXDR5 bHbvO5BieebbpJovJsXQEOEO3tkQjhb7t/eo98flAgeYjzYIlefiN5YNNnWe+w5y sR2bvAP5SQXYgd0FtCrWQemsAXaVCg/Y39W9Eh81LygXbNKYwagJZHduRze6zqxZ Xmidf3LWicUGQSk+WT7dJvUkyRGnWqNMQB9GoZm1pzpRboY7nn1ypxIFeFntPlF4 FQsDj43QLwWyPntKHEtzBRL8xurgUBN8Q5N0s8p0544fAQjQMNRbcTa0B7rBMDBc SLeCO5imfWCKoqMpgsy6vYMEG6KDA0Gh1gXxG8K28Kh8hjtGqEgqiNx2mna/H2ql PRmP6zjzZN7IKw0KKP/32+IVQtQi0Cdd4Xn+GOdwiK1O5tmLOsbdJ1Fu/7xk9TND TwIDAQABo4IBRjCCAUIwDwYDVR0TAQH/BAUwAwEB/zAOBgNVHQ8BAf8EBAMCAQYw SwYIKwYBBQUHAQEEPzA9MDsGCCsGAQUFBzAChi9odHRwOi8vYXBwcy5pZGVudHJ1 c3QuY29tL3Jvb3RzL2RzdHJvb3RjYXgzLnA3YzAfBgNVHSMEGDAWgBTEp7Gkeyxx +tvhS5B1/8QVYIWJEDBUBgNVHSAETTBLMAgGBmeBDAECATA/BgsrBgEEAYLfEwEB ATAwMC4GCCsGAQUFBwIBFiJodHRwOi8vY3BzLnJvb3QteDEubGV0c2VuY3J5cHQu b3JnMDwGA1UdHwQ1MDMwMaAvoC2GK2h0dHA6Ly9jcmwuaWRlbnRydXN0LmNvbS9E U1RST09UQ0FYM0NSTC5jcmwwHQYDVR0OBBYEFHm0WeZ7tuXkAXOACIjIGlj26Ztu MA0GCSqGSIb3DQEBCwUAA4IBAQAKcwBslm7/DlLQrt2M51oGrS+o44+/yQoDFVDC 5WxCu2+b9LRPwkSICHXM6webFGJueN7sJ7o5XPWioW5WlHAQU7G75K/QosMrAdSW 9MUgNTP52GE24HGNtLi1qoJFlcDyqSMo59ahy2cI2qBDLKobkx/J3vWraV0T9VuG WCLKTVXkcGdtwlfFRjlBz4pYg1htmf5X6DYO8A4jqv2Il9DjXA6USbW1FzXSLr9O he8Y4IWS6wY7bCkjCWDcRQJMEhg76fsO3txE+FiYruq9RUWhiF1myv4Q6W+CyBFC Dfvp7OOGAN6dEOM4+qR9sdjoSYKEBpsr6GtPAQw4dy753ec5 -----END CERTIFICATE-----","",""
"intermediate_cert_fingerprintSHA256 <#2>","classe-a-12.beta.gouv.fr/185.31.40.21","443","INFO","6D99FB265EB1C5B3744765FCBC648F3CD8E1BFFAFDC4C2F99B9D47CF7FF1C24F","",""
"intermediate_cert_notBefore <#2>","classe-a-12.beta.gouv.fr/185.31.40.21","443","INFO","2021-01-20 19:14","",""
"intermediate_cert_notAfter <#2>","classe-a-12.beta.gouv.fr/185.31.40.21","443","OK","2024-09-30 18:14","",""
"intermediate_cert_expiration <#2>","classe-a-12.beta.gouv.fr/185.31.40.21","443","OK","ok > 40 days","",""
"intermediate_cert_chain <#2>","classe-a-12.beta.gouv.fr/185.31.40.21","443","INFO","ISRG Root X1 <-- DST Root CA X3","",""
"intermediate_cert_badOCSP","classe-a-12.beta.gouv.fr/185.31.40.21","443","OK","intermediate certificate(s) is/are ok","",""
"HTTP_status_code","classe-a-12.beta.gouv.fr/185.31.40.21","443","INFO","200 OK ('/')","",""
"HTTP_clock_skew","classe-a-12.beta.gouv.fr/185.31.40.21","443","INFO","-58 seconds from localtime","",""
"HSTS","classe-a-12.beta.gouv.fr/185.31.40.21","443","LOW","not offered","",""
"HPKP","classe-a-12.beta.gouv.fr/185.31.40.21","443","INFO","No support for HTTP Public Key Pinning","",""
"banner_server","classe-a-12.beta.gouv.fr/185.31.40.21","443","INFO","Apache","",""
"banner_application","classe-a-12.beta.gouv.fr/185.31.40.21","443","INFO","No application banner found","",""
"cookie_count","classe-a-12.beta.gouv.fr/185.31.40.21","443","INFO","0 at '/'","",""
"security_headers","classe-a-12.beta.gouv.fr/185.31.40.21","443","MEDIUM","--","",""
"banner_reverseproxy","classe-a-12.beta.gouv.fr/185.31.40.21","443","INFO","Via: 1.1 alproxy","","CWE-200"
"heartbleed","classe-a-12.beta.gouv.fr/185.31.40.21","443","OK","not vulnerable, no heartbeat extension","CVE-2014-0160","CWE-119"
"CCS","classe-a-12.beta.gouv.fr/185.31.40.21","443","OK","not vulnerable","CVE-2014-0224","CWE-310"
"ticketbleed","classe-a-12.beta.gouv.fr/185.31.40.21","443","OK","not vulnerable","CVE-2016-9244","CWE-200"
"ROBOT","classe-a-12.beta.gouv.fr/185.31.40.21","443","OK","not vulnerable, no RSA key transport cipher","CVE-2017-17382 CVE-2017-17427 CVE-2017-17428 CVE-2017-13098 CVE-2017-1000385 CVE-2017-13099 CVE-2016-6883 CVE-2012-5081 CVE-2017-6168","CWE-203"
"secure_renego","classe-a-12.beta.gouv.fr/185.31.40.21","443","OK","supported","","CWE-310"
"secure_client_renego","classe-a-12.beta.gouv.fr/185.31.40.21","443","OK","not vulnerable","CVE-2011-1473","CWE-310"
"CRIME_TLS","classe-a-12.beta.gouv.fr/185.31.40.21","443","OK","not vulnerable","CVE-2012-4929","CWE-310"
"BREACH","classe-a-12.beta.gouv.fr/185.31.40.21","443","MEDIUM","potentially VULNERABLE, br gzip HTTP compression detected  - only supplied '/' tested","CVE-2013-3587","CWE-310"
"POODLE_SSL","classe-a-12.beta.gouv.fr/185.31.40.21","443","OK","not vulnerable, no SSLv3","CVE-2014-3566","CWE-310"
"fallback_SCSV","classe-a-12.beta.gouv.fr/185.31.40.21","443","OK","no protocol below TLS 1.2 offered","",""
"SWEET32","classe-a-12.beta.gouv.fr/185.31.40.21","443","OK","not vulnerable","CVE-2016-2183 CVE-2016-6329","CWE-327"
"FREAK","classe-a-12.beta.gouv.fr/185.31.40.21","443","OK","not vulnerable","CVE-2015-0204","CWE-310"
"DROWN","classe-a-12.beta.gouv.fr/185.31.40.21","443","OK","not vulnerable on this host and port","CVE-2016-0800 CVE-2016-0703","CWE-310"
"DROWN_hint","classe-a-12.beta.gouv.fr/185.31.40.21","443","INFO","Make sure you don't use this certificate elsewhere with SSLv2 enabled services, see https://censys.io/ipv4?q=B8D2253DC5E0009BF86E7509AA10B88907B1FCBE10186F39EF36857A37984A48","CVE-2016-0800 CVE-2016-0703","CWE-310"
"LOGJAM","classe-a-12.beta.gouv.fr/185.31.40.21","443","OK","not vulnerable, no DH EXPORT ciphers,","CVE-2015-4000","CWE-310"
"LOGJAM-common_primes","classe-a-12.beta.gouv.fr/185.31.40.21","443","OK","no DH key with <= TLS 1.2","CVE-2015-4000","CWE-310"
"BEAST","classe-a-12.beta.gouv.fr/185.31.40.21","443","OK","not vulnerable, no SSL3 or TLS1","CVE-2011-3389","CWE-20"
"LUCKY13","classe-a-12.beta.gouv.fr/185.31.40.21","443","OK","not vulnerable","CVE-2013-0169","CWE-310"
"winshock","classe-a-12.beta.gouv.fr/185.31.40.21","443","OK","not vulnerable","CVE-2014-6321","CWE-94"
"RC4","classe-a-12.beta.gouv.fr/185.31.40.21","443","OK","not vulnerable","CVE-2013-2566 CVE-2015-2808","CWE-310"
"clientsimulation-android_442","classe-a-12.beta.gouv.fr/185.31.40.21","443","INFO","TLSv1.2 ECDHE-RSA-AES256-GCM-SHA384","",""
"clientsimulation-android_500","classe-a-12.beta.gouv.fr/185.31.40.21","443","INFO","TLSv1.2 ECDHE-RSA-AES128-GCM-SHA256","",""
"clientsimulation-android_60","classe-a-12.beta.gouv.fr/185.31.40.21","443","INFO","TLSv1.2 ECDHE-RSA-AES128-GCM-SHA256","",""
"clientsimulation-android_70","classe-a-12.beta.gouv.fr/185.31.40.21","443","INFO","TLSv1.2 ECDHE-RSA-AES128-GCM-SHA256","",""
"clientsimulation-android_81","classe-a-12.beta.gouv.fr/185.31.40.21","443","INFO","TLSv1.2 ECDHE-RSA-AES128-GCM-SHA256","",""
"clientsimulation-android_90","classe-a-12.beta.gouv.fr/185.31.40.21","443","INFO","TLSv1.3 TLS_AES_128_GCM_SHA256","",""
"clientsimulation-android_X","classe-a-12.beta.gouv.fr/185.31.40.21","443","INFO","TLSv1.3 TLS_AES_128_GCM_SHA256","",""
"clientsimulation-chrome_74_win10","classe-a-12.beta.gouv.fr/185.31.40.21","443","INFO","TLSv1.3 TLS_AES_128_GCM_SHA256","",""
"clientsimulation-chrome_79_win10","classe-a-12.beta.gouv.fr/185.31.40.21","443","INFO","TLSv1.3 TLS_AES_128_GCM_SHA256","",""
"clientsimulation-firefox_66_win81","classe-a-12.beta.gouv.fr/185.31.40.21","443","INFO","TLSv1.3 TLS_AES_128_GCM_SHA256","",""
"clientsimulation-firefox_71_win10","classe-a-12.beta.gouv.fr/185.31.40.21","443","INFO","TLSv1.3 TLS_AES_128_GCM_SHA256","",""
"clientsimulation-ie_6_xp","classe-a-12.beta.gouv.fr/185.31.40.21","443","INFO","No connection","",""
"clientsimulation-ie_8_win7","classe-a-12.beta.gouv.fr/185.31.40.21","443","INFO","No connection","",""
"clientsimulation-ie_8_xp","classe-a-12.beta.gouv.fr/185.31.40.21","443","INFO","No connection","",""
"clientsimulation-ie_11_win7","classe-a-12.beta.gouv.fr/185.31.40.21","443","INFO","No connection","",""
"clientsimulation-ie_11_win81","classe-a-12.beta.gouv.fr/185.31.40.21","443","INFO","No connection","",""
"clientsimulation-ie_11_winphone81","classe-a-12.beta.gouv.fr/185.31.40.21","443","INFO","No connection","",""
"clientsimulation-ie_11_win10","classe-a-12.beta.gouv.fr/185.31.40.21","443","INFO","TLSv1.2 ECDHE-RSA-AES256-GCM-SHA384","",""
"clientsimulation-edge_15_win10","classe-a-12.beta.gouv.fr/185.31.40.21","443","INFO","TLSv1.2 ECDHE-RSA-AES256-GCM-SHA384","",""
"clientsimulation-edge_17_win10","classe-a-12.beta.gouv.fr/185.31.40.21","443","INFO","TLSv1.2 ECDHE-RSA-AES256-GCM-SHA384","",""
"clientsimulation-opera_66_win10","classe-a-12.beta.gouv.fr/185.31.40.21","443","INFO","TLSv1.3 TLS_AES_128_GCM_SHA256","",""
"clientsimulation-safari_9_ios9","classe-a-12.beta.gouv.fr/185.31.40.21","443","INFO","TLSv1.2 ECDHE-RSA-AES256-GCM-SHA384","",""
"clientsimulation-safari_9_osx1011","classe-a-12.beta.gouv.fr/185.31.40.21","443","INFO","TLSv1.2 ECDHE-RSA-AES256-GCM-SHA384","",""
"clientsimulation-safari_10_osx1012","classe-a-12.beta.gouv.fr/185.31.40.21","443","INFO","TLSv1.2 ECDHE-RSA-AES256-GCM-SHA384","",""
"clientsimulation-safari_121_ios_122","classe-a-12.beta.gouv.fr/185.31.40.21","443","INFO","TLSv1.3 TLS_CHACHA20_POLY1305_SHA256","",""
"clientsimulation-safari_130_osx_10146","classe-a-12.beta.gouv.fr/185.31.40.21","443","INFO","TLSv1.3 TLS_CHACHA20_POLY1305_SHA256","",""
"clientsimulation-apple_ats_9_ios9","classe-a-12.beta.gouv.fr/185.31.40.21","443","INFO","TLSv1.2 ECDHE-RSA-AES256-GCM-SHA384","",""
"clientsimulation-java_6u45","classe-a-12.beta.gouv.fr/185.31.40.21","443","INFO","No connection","",""
"clientsimulation-java_7u25","classe-a-12.beta.gouv.fr/185.31.40.21","443","INFO","No connection","",""
"clientsimulation-java_8u161","classe-a-12.beta.gouv.fr/185.31.40.21","443","INFO","TLSv1.2 ECDHE-RSA-AES256-GCM-SHA384","",""
"clientsimulation-java1102","classe-a-12.beta.gouv.fr/185.31.40.21","443","INFO","TLSv1.3 TLS_AES_128_GCM_SHA256","",""
"clientsimulation-java1201","classe-a-12.beta.gouv.fr/185.31.40.21","443","INFO","TLSv1.3 TLS_AES_128_GCM_SHA256","",""
"clientsimulation-openssl_102e","classe-a-12.beta.gouv.fr/185.31.40.21","443","INFO","TLSv1.2 ECDHE-RSA-AES256-GCM-SHA384","",""
"clientsimulation-openssl_110l","classe-a-12.beta.gouv.fr/185.31.40.21","443","INFO","TLSv1.2 ECDHE-RSA-AES256-GCM-SHA384","",""
"clientsimulation-openssl_111d","classe-a-12.beta.gouv.fr/185.31.40.21","443","INFO","TLSv1.3 TLS_AES_256_GCM_SHA384","",""
"clientsimulation-thunderbird_68_3_1","classe-a-12.beta.gouv.fr/185.31.40.21","443","INFO","TLSv1.3 TLS_AES_128_GCM_SHA256","",""
"rating_spec","classe-a-12.beta.gouv.fr/185.31.40.21","443","INFO","SSL Labs's 'SSL Server Rating Guide' (version 2009q from 2020-01-30)","",""
"rating_doc","classe-a-12.beta.gouv.fr/185.31.40.21","443","INFO","https://github.com/ssllabs/research/wiki/SSL-Server-Rating-Guide","",""
"protocol_support_score","classe-a-12.beta.gouv.fr/185.31.40.21","443","INFO","100","",""
"protocol_support_score_weighted","classe-a-12.beta.gouv.fr/185.31.40.21","443","INFO","30","",""
"key_exchange_score","classe-a-12.beta.gouv.fr/185.31.40.21","443","INFO","90","",""
"key_exchange_score_weighted","classe-a-12.beta.gouv.fr/185.31.40.21","443","INFO","27","",""
"cipher_strength_score","classe-a-12.beta.gouv.fr/185.31.40.21","443","INFO","90","",""
"cipher_strength_score_weighted","classe-a-12.beta.gouv.fr/185.31.40.21","443","INFO","36","",""
"final_score","classe-a-12.beta.gouv.fr/185.31.40.21","443","INFO","93","",""
"overall_grade","classe-a-12.beta.gouv.fr/185.31.40.21","443","OK","A","",""
"grade_cap_reason_1","classe-a-12.beta.gouv.fr/185.31.40.21","443","INFO","Grade capped to A. HSTS is not offered","",""
